% Library with parameters to calculate the form factor of all neutral
% atoms. The values are taken from Int. Tabl. Cryst. Sect. C.

atom(1).name = 'H ';
atom(1).a = [0.493000 0.322910 0.140190 0.040810];
atom(1).b = [10.510910 26.125730 3.142360 57.799770];
atom(1).c = 0.003040;
atom(2).name = 'HE';
atom(2).a = [0.873400 0.630900 0.311200 0.178000];
atom(2).b = [9.103710 3.356800 22.927630 0.982100];
atom(2).c = 0.006400;
atom(3).name = 'LI';
atom(3).a = [1.128200 0.750800 0.617500 0.465300];
atom(3).b = [3.954600 1.052400 85.390580 168.261200];
atom(3).c = 0.037700;
atom(4).name = 'BE';
atom(4).a = [1.591900 1.127800 0.539100 0.702900];
atom(4).b = [43.642750 1.862300 103.483100 0.542000];
atom(4).c = 0.038500;
atom(5).name = 'B ';
atom(5).a = [2.054500 1.332600 1.097900 0.706800];
atom(5).b = [23.218520 1.021000 60.349870 0.140300];
atom(5).c = -0.193200;
atom(6).name = 'C ';
atom(6).a = [2.310000 1.020000 1.588600 0.865000];
atom(6).b = [20.843920 10.207510 0.568700 51.651250];
atom(6).c = 0.215600;
atom(7).name = 'N ';
atom(7).a = [12.212610 3.132200 2.012500 1.166300];
atom(7).b = [0.005700 9.893310 28.997540 0.582600];
atom(7).c = -11.529010;
atom(8).name = 'O ';
atom(8).a = [3.048500 2.286800 1.546300 0.867000];
atom(8).b = [13.277110 5.701110 0.323900 32.908940];
atom(8).c = 0.250800;
atom(9).name = 'F ';
atom(9).a = [3.539200 2.641200 1.517000 1.024300];
atom(9).b = [10.282510 4.294400 0.261500 26.147630];
atom(9).c = 0.277600;
atom(10).name = 'NE';
atom(10).a = [3.955300 3.112500 1.454600 1.125100];
atom(10).b = [8.404210 3.426200 0.230600 21.718410];
atom(10).c = 0.351500;
atom(11).name = 'NA';
atom(11).a = [4.762600 3.173600 1.267400 1.112800];
atom(11).b = [3.285000 8.842210 0.313600 129.424100];
atom(11).c = 0.676000;
atom(12).name = 'MG';
atom(12).a = [5.420410 2.173500 1.226900 2.307300];
atom(12).b = [2.827500 79.261180 0.380800 7.193710];
atom(12).c = 0.858400;
atom(13).name = 'AL';
atom(13).a = [6.420210 1.900200 1.593600 1.964600];
atom(13).b = [3.038700 0.742600 31.547240 85.088680];
atom(13).c = 1.115100;
atom(14).name = 'SI';
atom(14).a = [6.291510 3.035300 1.989100 1.541000];
atom(14).b = [2.438600 32.333740 0.678500 81.693790];
atom(14).c = 1.140700;
atom(15).name = 'P ';
atom(15).a = [6.434510 4.179100 1.780000 1.490800];
atom(15).b = [1.906700 27.157040 0.526000 68.164570];
atom(15).c = 1.114900;
atom(16).name = 'S ';
atom(16).a = [6.905310 5.203410 1.437900 1.586300];
atom(16).b = [1.467900 22.215120 0.253600 56.172070];
atom(16).c = 0.866900;
atom(17).name = 'CL';
atom(17).a = [11.460410 7.196410 6.255610 1.645500];
atom(17).b = [0.010400 1.166200 18.519420 47.778460];
atom(17).c = -9.557410;
atom(18).name = 'AR';
atom(18).a = [7.484510 6.772310 0.653900 1.644200];
atom(18).b = [0.907200 14.840710 43.898350 33.392930];
atom(18).c = 1.444500;
atom(19).name = 'K ';
atom(19).a = [8.218610 7.439810 1.051900 0.865900];
atom(19).b = [12.794910 0.774800 213.187200 41.684160];
atom(19).c = 1.422800;
atom(20).name = 'CA';
atom(20).a = [8.626610 7.387310 1.589900 1.021100];
atom(20).b = [10.442110 0.659900 85.748490 178.437200];
atom(20).c = 1.375100;
atom(21).name = 'SC';
atom(21).a = [9.189010 7.367910 1.640900 1.468000];
atom(21).b = [9.021310 0.572900 136.108100 51.353150];
atom(21).c = 1.332900;
atom(22).name = 'TI';
atom(22).a = [9.759510 7.355810 1.699100 1.902100];
atom(22).b = [7.850810 0.500000 35.633830 116.105100];
atom(22).c = 1.280700;
atom(23).name = 'V ';
atom(23).a = [10.297110 7.351110 2.070300 2.057100];
atom(23).b = [6.865710 0.438500 26.893830 102.478100];
atom(23).c = 1.219900;
atom(24).name = 'CR';
atom(24).a = [10.640610 7.353710 3.324000 1.492200];
atom(24).b = [6.103810 0.392000 20.262620 98.739990];
atom(24).c = 1.183200;
atom(25).name = 'MN';
atom(25).a = [11.281910 7.357310 3.019300 2.244100];
atom(25).b = [5.340910 0.343200 17.867420 83.754380];
atom(25).c = 1.089600;
atom(26).name = 'FE';
atom(26).a = [11.769510 7.357310 3.522200 2.304500];
atom(26).b = [4.761110 0.307200 15.353510 76.880580];
atom(26).c = 1.036900;
atom(27).name = 'CO';
atom(27).a = [12.284110 7.340910 4.003400 2.348800];
atom(27).b = [4.279100 0.278400 13.535910 71.169270];
atom(27).c = 1.011800;
atom(28).name = 'NI';
atom(28).a = [12.837610 7.292010 4.443800 2.380000];
atom(28).b = [3.878500 0.256500 12.176310 66.342160];
atom(28).c = 1.034100;
atom(29).name = 'CU';
atom(29).a = [13.338010 7.167610 5.615810 1.673500];
atom(29).b = [3.582800 0.247000 11.396610 64.812670];
atom(29).c = 1.191000;
atom(30).name = 'ZN';
atom(30).a = [14.074310 7.031810 5.165210 2.410000];
atom(30).b = [3.265500 0.233300 10.316310 58.709760];
atom(30).c = 1.304100;
atom(31).name = 'GA';
atom(31).a = [15.235410 6.700610 4.359100 2.962300];
atom(31).b = [3.066900 0.241200 10.780510 61.413570];
atom(31).c = 1.718900;
atom(32).name = 'GE';
atom(32).a = [16.081620 6.374710 3.706800 3.683000];
atom(32).b = [2.850900 0.251600 11.446810 54.762560];
atom(32).c = 2.131300;
atom(33).name = 'AS';
atom(33).a = [16.672320 6.070110 3.431300 4.277900];
atom(33).b = [2.634500 0.264700 12.947910 47.797260];
atom(33).c = 2.531000;
atom(34).name = 'SE';
atom(34).a = [17.000630 5.819610 3.973100 4.354300];
atom(34).b = [2.409800 0.272600 15.237210 43.816350];
atom(34).c = 2.840900;
atom(35).name = 'BR';
atom(35).a = [17.178920 5.235810 5.637710 3.985100];
atom(35).b = [2.172300 16.579620 0.260900 41.432850];
atom(35).c = 2.955700;
atom(36).name = 'KR';
atom(36).a = [17.355510 6.728610 5.549310 3.537500];
atom(36).b = [1.938400 16.562320 0.226100 39.397230];
atom(36).c = 2.825000;
atom(37).name = 'RB';
atom(37).a = [17.178420 9.643510 5.139900 1.529200];
atom(37).b = [1.788800 17.315120 0.274800 164.934200];
atom(37).c = 3.487300;
atom(38).name = 'SR';
atom(38).a = [17.566310 9.818410 5.422000 2.669400];
atom(38).b = [1.556400 14.098810 0.166400 132.376100];
atom(38).c = 2.506400;
atom(39).name = 'Y ';
atom(39).a = [17.776020 10.294610 5.726300 3.265880];
atom(39).b = [1.402900 12.800610 0.125600 104.354100];
atom(39).c = 1.912130;
atom(40).name = 'ZR';
atom(40).a = [17.876530 10.948010 5.417330 3.657210];
atom(40).b = [1.276180 11.916010 0.117620 87.662780];
atom(40).c = 2.069290;
atom(41).name = 'NB';
atom(41).a = [17.614230 12.014410 4.041830 3.533460];
atom(41).b = [1.188650 11.766010 0.204790 69.795760];
atom(41).c = 3.755910;
atom(42).name = 'MO';
atom(42).a = [3.702500 17.235630 12.887610 3.742900];
atom(42).b = [0.277200 1.095800 11.004010 61.658460];
atom(42).c = 4.387500;
atom(43).name = 'TC';
atom(43).a = [19.130130 11.094810 4.649020 2.712630];
atom(43).b = [0.864130 8.144880 21.570720 86.847270];
atom(43).c = 5.404290;
atom(44).name = 'RU';
atom(44).a = [19.267430 12.918210 4.863370 1.567560];
atom(44).b = [0.808520 8.434680 24.799740 94.292890];
atom(44).c = 5.378750;
atom(45).name = 'RH';
atom(45).a = [19.295720 14.350110 4.734250 1.289180];
atom(45).b = [0.751540 8.217590 25.874940 98.606290];
atom(45).c = 5.328000;
atom(46).name = 'PD';
atom(46).a = [19.331920 15.501720 5.295370 0.605840];
atom(46).b = [0.698660 7.989300 25.205230 76.898680];
atom(46).c = 5.265930;
atom(47).name = 'AG';
atom(47).a = [19.280820 16.688520 4.804510 1.046300];
atom(47).b = [0.644600 7.472610 24.660540 99.815700];
atom(47).c = 5.179000;
atom(48).name = 'CD';
atom(48).a = [19.221420 17.644420 4.461000 1.602900];
atom(48).b = [0.594600 6.908910 24.700840 87.482570];
atom(48).c = 5.069410;
atom(49).name = 'IN';
atom(49).a = [19.162410 18.559620 4.294800 2.039600];
atom(49).b = [0.547600 6.377610 25.849930 92.802990];
atom(49).c = 4.939110;
atom(50).name = 'SN';
atom(50).a = [19.188920 19.100520 4.458500 2.466300];
atom(50).b = [5.830310 0.503100 26.890930 83.957180];
atom(50).c = 4.782110;
atom(51).name = 'SB';
atom(51).a = [19.641820 19.045520 5.037110 2.682700];
atom(51).b = [5.303400 0.460700 27.907440 75.282580];
atom(51).c = 4.590910;
atom(52).name = 'TE';
atom(52).a = [19.964420 19.013820 6.144880 2.523900];
atom(52).b = [4.817420 0.420890 28.528440 70.840360];
